64695
93516
81545
39883
17040
42097
79040
40127
14335
9180
9381
57370
2012
71045
20616
33014
24379
78427
11112
96470
91967
26922
40354
56618
14055
36363
9665
75913
92141
1476
4312
82512
73691
41853
59244
45591
73356
44125
98043
63684
38533
67885
60313
12389
8822
12240
98282
25996
43328
65838
35832
91088
90617
54488
50703
73662
88997
43037
56671
22138
61269
45604
82130
46236
3700
41166
96322
17766
4467
36805
8001
40424
87462
91374
31440
53297
12323
59851
69330
4322
26207
19852
56795
95642
11593
79521
11568
46335
57337
42610
54051
90974
46781
28197
10436
23166
54769
1722
28136
56397